1,Orlando Magic*,82,19930,43.8,87.4,.502,6.6,17.9,.370,37.2,69.5,.535,20.9,31.2,.669,14.5,31.1,45.7,28.9,8.5,6.2,16.4,21.9,3,Orlando Magic*,26.6,57,25,59,23,7.06,-0.62,6.44,115.1,107.8,+7.3,95.1,.357,.205,.569,,.539,14.0,34.0,.239,,.490,13.3,68.4,.220,,Orlando Arena,656,410,,
9,Indiana Pacers*,82,19780,40.2,84.2,.477,5.0,13.3,.380,35.2,70.9,.496,24.2,32.2,.751,14.2,30.9,45.0,25.3,9.5,4.9,18.1,26.1,8,Indiana Pacers*,28.7,52,30,52,30,3.70,-0.34,3.35,109.6,105.6,+4.0,90.0,.383,.158,.557,,.507,15.5,32.8,.287,,.493,15.8,68.6,.237,,Market Square Arena,654,428,14,601,
5,San Antonio Spurs*,82,19855,41.3,85.4,.484,5.5,14.8,.375,35.8,70.6,.507,23.5,31.8,.738,13.1,34.0,47.1,24.5,8.4,5.8,15.9,23.9,4,San Antonio Spurs*,29.0,62,20,57,25,5.96,-0.06,5.90,111.7,105.4,+6.3,94.6,.372,.173,.562,,.516,13.8,30.9,.275,,.485,13.0,72.3,.214,,Alamodome,920,413,33,072,
16,New York Knicks*,82,19780,39.7,85.1,.467,7.1,19.2,.368,32.7,65.9,.496,20.7,28.1,.734,12.4,32.9,45.3,27.4,7.9,5.2,17.4,28.0,10,New York Knicks*,29.4,55,27,50,32,3.11,-0.33,2.78,107.2,103.8,+3.4,91.2,.331,.226,.550,,.508,15.1,28.6,.243,,.468,14.4,70.8,.281,,Madison Square Garden (IV),810,283,19,763,
10,Chicago Bulls*,82,19830,42.0,88.2,.476,5.8,15.6,.373,36.1,72.6,.498,19.7,27.2,.726,14.5,30.2,44.7,25.9,10.5,4.6,17.1,25.8,5,Chicago Bulls*,28.1,47,35,54,28,4.83,-0.51,4.32,109.5,104.3,+5.2,92.0,.308,.177,.546,,.509,14.5,32.9,.224,,.488,16.7,68.2,.263,,United Center,926,218,,
3,Phoenix Suns*,82,19830,42.3,87.9,.482,7.4,20.0,.369,35.0,67.9,.515,22.4,29.7,.756,13.0,30.3,43.3,27.7,8.7,3.9,14.7,23.2,6,Phoenix Suns*,29.2,59,23,51,31,3.88,-0.02,3.86,114.5,110.4,+4.1,95.9,.338,.227,.567,,.524,12.7,29.7,.255,,.515,14.0,69.8,.228,,America West Arena,779,943,,
12,Los Angeles Lakers*,82,19905,41.6,89.8,.463,6.7,18.9,.352,34.9,70.9,.493,19.3,26.2,.735,14.3,29.3,43.6,26.3,9.5,7.1,15.7,24.5,15,Los Angeles Lakers*,25.9,48,34,40,42,-0.22,0.21,-0.01,109.1,109.4,-0.3,95.2,.292,.210,.539,,.500,13.4,31.3,.215,,.500,14.8,64.4,.224,,Great Western Forum,591,125,16,760,
8,Charlotte Hornets*,82,19805,40.5,85.6,.474,7.4,18.7,.397,33.1,66.8,.495,21.1,27.1,.777,11.1,31.8,42.9,27.5,8.2,5.3,16.3,22.4,9,Charlotte Hornets*,28.0,50,32,50,32,3.28,-0.41,2.87,109.6,106.1,+3.5,91.2,.317,.219,.562,,.517,14.3,26.0,.247,,.485,13.8,68.5,.202,,Charlotte Coliseum,971,618,23,698,
18,Atlanta Hawks*,82,19855,40.2,89.9,.447,7.3,21.3,.341,32.9,68.6,.480,19.0,26.2,.724,14.9,30.6,45.4,23.6,9.9,5.5,16.4,24.3,12,Atlanta Hawks*,28.2,42,40,45,37,1.28,-0.22,1.06,106.6,105.2,+1.4,89.8,.292,.237,.525,,.487,13.9,31.6,.211,,.495,15.6,68.4,.215,,Omni Coliseum,504,807,10,291,
22,Cleveland Cavaliers*,82,19930,39.1,88.8,.441,5.7,14.7,.385,33.5,74.2,.452,21.4,28.1,.760,14.8,31.8,46.6,23.7,8.9,5.0,16.7,24.1,14,Cleveland Cavaliers*,28.3,43,39,43,39,0.62,-0.07,0.55,105.3,104.6,+0.7,84.8,.317,.165,.520,,.472,14.2,31.8,.241,,.493,15.0,72.4,.224,,Gund Arena,833,850,20,562,
13,Boston Celtics*,82,19805,41.0,88.2,.464,4.7,12.7,.368,36.3,75.6,.480,22.0,29.2,.753,14.9,29.9,44.8,23.0,7.9,4.7,16.8,25.5,18,Boston Celtics*,27.2,35,47,36,46,-1.88,-0.04,-1.92,108.6,110.6,-2.0,94.0,.331,.144,.537,,.491,14.3,33.1,.249,,.512,13.6,68.6,.235,,Boston Garden,606,070,14,890,
4,Utah Jazz*,82,19780,42.5,83.0,.512,3.9,10.5,.376,38.5,72.5,.531,25.4,32.5,.781,11.4,31.6,43.0,29.6,9.9,5.1,16.9,26.8,1,Utah Jazz*,29.6,60,22,61,21,7.99,-0.23,7.76,114.3,105.7,+8.6,92.6,.392,.126,.587,,.535,14.8,29.1,.306,,.496,15.5,72.5,.292,,Delta Center,811,159,,
2,Seattle SuperSonics*,82,19830,42.0,85.5,.491,6.2,16.5,.376,35.7,68.9,.519,24.6,32.5,.758,13.5,29.6,43.2,26.8,11.6,5.0,16.4,26.2,2,Seattle SuperSonics*,28.7,57,25,61,21,8.18,-0.27,7.91,114.8,106.3,+8.5,95.5,.380,.194,.575,,.527,14.1,32.6,.288,,.492,16.1,68.7,.278,,Tacoma Dome,633,604,17,368,
6,Portland Trail Blazers*,82,19705,41.8,92.6,.451,6.0,16.4,.365,35.8,76.2,.469,20.2,29.0,.697,17.6,31.7,49.3,24.0,8.7,6.1,15.7,26.3,7,Portland Trail Blazers*,29.3,44,38,52,30,3.82,-0.02,3.80,109.7,105.7,+4.0,93.8,.313,.177,.521,,.483,13.0,37.1,.218,,.491,14.8,73.5,.277,,Memorial Coliseum,529,759,12,888,
11,Denver Nuggets*,82,19980,40.7,84.9,.479,5.4,15.2,.356,35.3,69.6,.507,22.3,30.3,.738,13.7,31.5,45.2,24.1,8.7,7.7,18.1,27.1,13,Denver Nuggets*,26.6,41,41,43,39,0.84,0.11,0.96,109.1,108.2,+0.9,91.5,.357,.180,.556,,.511,15.6,32.0,.263,,.487,13.2,70.2,.257,,McNichols Sports Arena,704,011,,
