Rk,Team,G,MP,FG,FGA,FG%,3P,3PA,3P%,2P,2PA,2P%,FT,FTA,FT%,ORB,DRB,TRB,AST,STL,BLK,TOV,PF,PTS,Rk2,Team2,Age,W,L,PW,PL,MOV,SOS,SRS,ORtg,DRtg,NRtg,Pace,FTr,3PAr,TS%,eFG%,TOV%,ORB%,FT/FGA,eFG%2,TOV%2,DRB%,FT/FGA2,Arena,Attend,Attend./G
9,Portland Trail Blazers*,82,19880,42.2,89.1,.473,2.2,6.7,.336,39.9,82.4,.484,24.0,32.3,.743,16.0,30.1,46.1,24.6,8.8,4.3,16.0,24.2,4,Portland Trail Blazers*,26.7,59,23,57,25,6.32,0.16,6.48,110.5,104.4,+6.1,102.3,.362,.075,.535,,.486,13.4,36.5,.269,,.479,15.2,70.8,.265,,Memorial Coliseum,528,132,,
5,Chicago Bulls*,82,19830,44.2,88.7,.498,3.1,8.4,.374,41.1,80.3,.511,20.8,26.8,.778,13.5,28.5,42.0,27.2,10.2,4.9,15.6,23.8,9,Chicago Bulls*,26.1,55,27,50,32,3.26,-0.51,2.74,112.3,109.0,+3.3,96.7,.302,.094,.559,,.516,13.4,31.9,.235,,.508,15.2,68.1,.262,,Chicago Stadium,752,564,,
3,Phoenix Suns*,82,19855,42.6,85.7,.496,2.1,6.5,.324,40.4,79.2,.511,25.9,32.6,.795,12.6,31.8,44.5,25.3,8.0,6.0,15.3,21.9,2,Phoenix Suns*,26.7,54,28,58,24,7.10,-0.01,7.09,113.1,106.2,+6.9,100.7,.380,.076,.565,,.509,13.3,31.1,.302,,.478,12.8,68.8,.209,,Arizona Veterans Memorial Coliseum,578,661,,
2,Philadelphia 76ers*,82,19805,43.2,88.2,.489,2.4,6.8,.348,40.8,81.4,.501,24.8,31.5,.788,13.9,30.2,44.2,24.3,8.6,4.6,15.2,21.3,5,Philadelphia 76ers*,27.4,53,29,54,28,4.99,-0.75,4.23,113.5,108.4,+5.1,96.5,.357,.077,.556,,.502,12.9,32.0,.281,,.495,13.3,68.4,.223,,The Spectrum,565,926,,
13,New York Knicks*,82,19830,42.3,87.4,.484,2.9,8.7,.332,39.4,78.6,.501,21.9,28.9,.756,14.6,29.9,44.5,26.4,8.8,6.1,17.4,22.5,11,New York Knicks*,26.5,45,37,45,37,1.41,-0.63,0.78,109.4,108.0,+1.4,98.2,.331,.100,.547,,.501,14.8,34.2,.250,,.482,13.3,66.0,.215,,Madison Square Garden (IV),730,432,,
1,Los Angeles Lakers*,82,19855,43.1,88.0,.490,3.9,10.6,.367,39.2,77.4,.507,23.9,30.3,.787,13.8,30.9,44.6,28.0,8.2,5.6,15.4,21.8,1,Los Angeles Lakers*,28.9,63,19,58,24,6.78,-0.04,6.74,114.0,107.0,+7.0,96.3,.345,.120,.562,,.512,13.2,32.8,.271,,.479,12.8,68.5,.219,,Great Western Forum,712,498,,
15,San Antonio Spurs*,82,19730,41.9,86.4,.484,0.7,2.8,.239,41.2,83.6,.492,23.3,31.3,.745,14.4,30.6,44.9,25.2,9.9,6.8,17.3,22.9,8,San Antonio Spurs*,26.4,56,26,50,32,3.49,0.09,3.58,107.7,104.2,+3.5,98.5,.362,.032,.537,,.488,14.7,34.2,.270,,.477,15.0,68.7,.235,,HemisFair Arena,586,787,,
17,Milwaukee Bucks*,82,19830,41.7,88.2,.473,2.6,8.3,.312,39.1,79.9,.490,21.3,28.1,.758,13.7,27.7,41.4,25.3,10.2,4.0,16.2,25.8,18,Milwaukee Bucks*,28.1,44,38,39,43,-0.78,-0.28,-1.06,107.3,108.1,-0.8,98.0,.318,.094,.533,,.488,13.9,31.5,.241,,.492,15.8,66.0,.290,,Bradley Center,659,602,,
7,Indiana Pacers*,82,19880,42.1,84.7,.497,3.7,9.6,.382,38.4,75.1,.511,23.7,29.1,.816,11.7,29.7,41.4,25.2,6.9,4.4,16.7,24.5,15,Indiana Pacers*,26.4,42,40,41,41,0.16,-0.34,-0.18,111.5,111.4,+0.1,97.0,.343,.113,.572,,.518,14.6,29.0,.280,,.494,12.6,67.1,.250,,Market Square Arena,518,923,,
6,Boston Celtics*,82,19705,44.2,88.7,.498,1.3,5.0,.262,42.9,83.7,.513,22.2,26.7,.832,13.2,33.6,46.8,30.1,6.7,5.6,15.6,21.3,7,Boston Celtics*,30.2,52,30,51,31,3.99,-0.76,3.23,112.0,107.9,+4.1,98.2,.301,.057,.557,,.506,13.4,31.5,.251,,.477,10.8,72.1,.223,,Boston Garden,611,537,14,890,
19,Cleveland Cavaliers*,82,19880,40.8,88.7,.461,4.4,10.8,.407,36.5,77.9,.468,20.8,28.0,.744,14.3,30.2,44.6,26.8,8.2,6.5,15.8,21.2,17,Cleveland Cavaliers*,26.1,42,40,40,42,-0.30,-0.31,-0.62,106.9,107.2,-0.3,95.0,.315,.122,.529,,.485,13.5,31.5,.235,,.490,14.0,67.7,.202,,Coliseum at Richfield,695,710,20,273,
22,Houston Rockets*,82,19805,41.7,86.9,.480,1.8,5.9,.312,39.9,81.0,.493,19.6,27.2,.720,14.6,31.6,46.2,26.3,9.7,6.6,18.1,23.2,10,Houston Rockets*,27.9,41,41,45,37,1.46,0.24,1.71,104.8,103.4,+1.4,101.2,.313,.068,.531,,.491,15.5,33.1,.225,,.475,14.7,69.2,.228,,The Summit,649,702,,
10,Utah Jazz*,82,19830,41.9,83.0,.505,2.8,7.9,.359,39.1,75.1,.521,23.6,31.3,.754,12.0,31.5,43.5,27.9,8.5,6.2,17.8,25.6,6,Utah Jazz*,27.6,55,27,54,28,4.79,0.03,4.82,110.3,105.4,+4.9,96.1,.377,.096,.570,,.522,15.5,30.1,.284,,.468,13.4,69.5,.268,,Salt Palace,517,256,,
18,Dallas Mavericks*,82,19855,41.5,87.4,.475,2.0,6.2,.323,39.5,81.2,.487,22.2,28.9,.767,13.3,30.9,44.3,22.7,8.5,5.1,15.7,22.2,16,Dallas Mavericks*,29.2,47,35,41,41,0.07,0.35,0.42,107.2,107.2,0.0,94.5,.331,.071,.536,,.487,13.6,30.3,.254,,.481,13.4,67.9,.232,,Reunion Arena,691,490,,
14,Denver Nuggets*,82,19805,42.7,92.2,.464,2.6,7.8,.337,40.1,84.4,.475,20.0,25.3,.789,13.4,29.1,42.6,26.2,9.4,3.8,13.1,23.5,12,Denver Nuggets*,29.5,43,39,45,37,1.41,0.15,1.56,108.0,106.7,+1.3,105.4,.275,.084,.523,,.478,11.2,29.1,.217,,.501,15.2,71.3,.264,,McNichols Sports Arena,484,288,,
