Rk,Team,G,MP,FG,FGA,FG%,3P,3PA,3P%,2P,2PA,2P%,FT,FTA,FT%,ORB,DRB,TRB,AST,STL,BLK,TOV,PF,PTS,Rk2,Team2,Age,W,L,PW,PL,MOV,SOS,SRS,ORtg,DRtg,NRtg,Pace,FTr,3PAr,TS%,eFG%,TOV%,ORB%,FT/FGA,eFG%2,TOV%2,DRB%,FT/FGA2,Arena,Attend,Attend./G
5,Miami Heat*,82,19880,41.6,83.0,.501,8.8,24.2,.364,32.8,58.8,.558,18.9,24.9,.760,8.3,31.7,40.0,24.4,9.7,4.9,16.0,21.1,4,Miami Heat*,30.6,54,28,54,28,4.76,-0.61,4.15,110.9,105.8,+5.1,91.2,.300,.292,.590,,.554,14.6,20.6,.228,,.511,15.8,73.0,.212,,AmericanAirlines Arena,811,036,19,781,
23,Indiana Pacers*,82,19780,38.7,86.2,.449,7.2,20.2,.357,31.5,66.0,.477,19.5,25.0,.779,10.9,37.1,48.1,21.7,7.2,5.9,16.2,22.0,6,Indiana Pacers*,27.2,56,26,54,28,4.40,-0.77,3.63,104.1,99.3,+4.8,92.5,.290,.235,.535,,.490,14.3,24.9,.226,,.460,12.9,76.8,.197,,Bankers Life Fieldhouse,717,542,17,501,
7,Oklahoma City Thunder*,82,19805,40.6,86.1,.471,8.4,23.3,.361,32.1,62.8,.512,21.0,26.1,.806,11.3,35.3,46.6,22.8,8.6,6.4,15.9,23.6,3,Oklahoma City Thunder*,26.2,59,23,58,24,6.34,0.32,6.66,110.5,103.9,+6.6,95.4,.303,.271,.566,,.520,14.0,26.5,.244,,.488,13.9,75.6,.221,,Chesapeake Energy Arena,746,323,18,203,
16,Washington Wizards*,82,20055,40.8,88.8,.459,8.3,21.9,.380,32.5,67.0,.485,16.1,22.0,.731,11.4,33.0,44.4,24.5,8.6,4.8,15.5,21.5,15,Washington Wizards*,26.3,44,38,45,37,1.27,-0.79,0.48,106.0,104.6,+1.4,93.2,.248,.246,.538,,.506,13.6,25.2,.181,,.504,15.0,75.7,.220,,Verizon Center,698,068,17,026,
14,Brooklyn Nets*,82,19880,38.7,84.4,.459,9.4,25.4,.369,29.3,59.0,.497,19.9,26.4,.753,9.5,31.8,41.3,22.6,9.3,4.1,15.7,23.5,19,Brooklyn Nets*,30.0,44,38,38,44,-1.00,-0.58,-1.58,106.7,107.7,-1.0,91.4,.313,.301,.555,,.514,14.1,21.7,.236,,.509,14.9,72.3,.236,,Barclays Center,707,331,17,252,
1,Los Angeles Clippers*,82,19755,40.6,85.6,.474,8.8,24.9,.352,31.8,60.7,.525,22.0,30.2,.730,10.9,33.8,44.6,25.5,8.9,5.0,14.4,22.4,2,Los Angeles Clippers*,28.1,57,25,59,23,6.98,0.30,7.27,112.1,104.8,+7.3,95.9,.353,.291,.567,,.526,12.7,25.0,.258,,.484,13.8,72.5,.222,,STAPLES Center,787,692,19,212,
2,Portland Trail Blazers*,82,19855,40.9,90.9,.450,9.8,26.4,.372,31.1,64.5,.481,20.0,24.5,.815,13.0,35.5,48.5,24.3,5.8,4.9,14.3,20.1,8,Portland Trail Blazers*,25.8,54,28,52,30,3.99,0.45,4.44,111.5,107.4,+4.1,94.9,.270,.290,.548,,.504,12.4,28.0,.220,,.488,11.0,74.7,.194,,Moda Center,809,612,19,747,
10,Toronto Raptors*,82,19955,39.2,88.0,.445,9.3,25.1,.372,29.8,62.9,.475,21.1,26.9,.782,12.2,33.4,45.7,22.7,7.6,4.5,15.2,24.6,9,Toronto Raptors*,25.6,48,34,50,32,3.24,-0.69,2.55,108.8,105.3,+3.5,91.8,.306,.285,.545,,.498,13.2,27.2,.239,,.493,14.1,74.9,.237,,Air Canada Centre,748,339,18,252,
19,Atlanta Hawks*,82,19830,39.1,85.5,.458,9.8,27.1,.363,29.3,58.5,.502,17.8,22.8,.781,9.1,32.8,41.9,26.1,8.7,4.2,16.0,20.2,17,Atlanta Hawks*,27.5,38,44,40,42,-0.48,-0.40,-0.88,105.9,106.4,-0.5,94.6,.266,.316,.554,,.515,14.3,21.0,.208,,.510,14.0,74.4,.196,,Philips Arena,587,927,14,231,
24,Charlotte Bobcats*,82,19905,38.8,87.8,.442,6.7,19.2,.351,32.1,68.6,.468,19.2,26.1,.737,10.1,35.5,45.6,23.2,6.5,5.5,13.2,19.5,16,Charlotte Bobcats*,25.5,43,39,40,42,-0.22,-0.67,-0.89,103.6,103.8,-0.2,92.4,.297,.219,.522,,.481,11.7,21.9,.219,,.491,12.6,77.6,.183,,Time Warner Cable Arena,636,268,15,519,
28,Chicago Bulls*,82,19930,38.0,87.8,.432,6.8,19.5,.348,31.2,68.3,.456,19.8,25.5,.779,12.5,35.8,48.3,24.8,7.9,5.7,16.3,20.9,13,Chicago Bulls*,28.6,48,34,47,35,1.85,-0.66,1.20,102.5,100.5,+2.0,90.2,.290,.222,.518,,.471,14.2,27.2,.226,,.471,13.7,75.4,.189,,United Center,890,370,21,716,
12,Golden State Warriors*,82,19830,40.7,88.1,.462,9.7,25.6,.380,31.0,62.5,.496,16.4,21.8,.753,11.3,35.5,46.7,24.0,8.1,5.1,15.7,22.4,5,Golden State Warriors*,26.3,51,31,54,28,4.80,0.34,5.15,107.5,102.6,+4.9,96.2,.247,.291,.550,,.517,13.8,25.1,.186,,.477,13.6,76.3,.224,,Oracle Arena,803,436,19,596,
15,Memphis Grizzlies*,82,19805,42.1,90.7,.464,5.5,15.5,.353,36.6,75.2,.487,16.7,22.5,.741,12.8,34.1,46.9,24.2,8.5,5.1,15.2,21.1,14,Memphis Grizzlies*,28.5,50,32,46,36,1.57,0.61,2.18,106.3,104.6,+1.7,89.9,.248,.171,.529,,.494,13.1,28.3,.184,,.497,13.8,75.7,.199,,FedEx Forum,685,458,16,718,
4,Houston Rockets*,82,19830,39.2,83.0,.472,9.8,27.4,.358,29.4,55.6,.529,22.8,32.0,.712,11.6,35.1,46.7,22.1,7.8,5.8,16.6,21.1,7,Houston Rockets*,25.4,54,28,53,29,4.56,0.50,5.06,111.0,106.3,+4.7,96.3,.386,.330,.571,,.531,14.6,27.4,.275,,.489,12.5,74.1,.193,,Toyota Center,743,082,18,124,
3,Dallas Mavericks*,82,19830,42.0,88.7,.474,9.3,24.3,.384,32.7,64.4,.508,17.8,22.4,.795,10.9,32.5,43.4,25.0,9.1,4.6,14.4,21.2,12,Dallas Mavericks*,30.6,49,33,48,34,2.40,0.50,2.91,111.2,108.7,+2.5,93.5,.253,.274,.564,,.526,12.7,24.6,.201,,.515,14.8,72.7,.229,,American Airlines Center,817,982,19,951,
