Rk,Team,G,MP,FG,FGA,FG%,3P,3PA,3P%,2P,2PA,2P%,FT,FTA,FT%,ORB,DRB,TRB,AST,STL,BLK,TOV,PF,PTS,Rk2,Team2,Age,W,L,PW,PL,MOV,SOS,SRS,ORtg,DRtg,NRtg,Pace,FTr,3PAr,TS%,eFG%,TOV%,ORB%,FT/FGA,eFG%2,TOV%2,DRB%,FT/FGA2,Arena,Attend,Attend./G
16,New York Knicks*,82,19755,40.5,88.1,.460,4.1,11.9,.348,36.4,76.3,.477,20.5,27.4,.746,15.4,33.3,48.6,27.0,9.8,5.0,17.8,26.2,2,New York Knicks*,28.9,57,25,60,22,6.99,-0.50,6.48,105.7,98.2,+7.5,92.8,.311,.135,.527,,.483,15.1,34.4,.232,,.451,16.0,71.4,.261,,Madison Square Garden (IV),810,193,19,763,
11,Indiana Pacers*,82,19755,41.2,84.9,.486,2.4,6.5,.368,38.9,78.4,.496,22.9,31.1,.738,14.7,31.4,46.1,26.8,9.2,6.0,18.8,25.7,10,Indiana Pacers*,27.2,47,35,51,31,3.45,-0.19,3.26,107.8,104.2,+3.6,93.3,.366,.077,.547,,.500,16.0,34.4,.270,,.471,14.9,68.0,.267,,Market Square Arena,531,812,,
7,Utah Jazz*,82,19830,41.7,87.4,.477,2.3,7.3,.320,39.3,80.2,.491,22.9,30.9,.740,13.8,31.0,44.8,28.3,9.8,4.7,15.5,25.8,6,Utah Jazz*,29.4,53,29,53,29,4.22,-0.12,4.10,108.6,104.1,+4.5,93.1,.354,.083,.537,,.490,13.3,31.3,.262,,.469,14.6,68.4,.267,,Delta Center,814,502,,
12,Atlanta Hawks*,82,19755,41.9,90.7,.461,3.5,10.7,.323,38.4,80.0,.480,20.1,26.7,.752,16.1,31.2,47.4,26.5,11.8,5.8,16.1,20.9,4,Atlanta Hawks*,28.7,57,25,56,26,5.27,-0.33,4.94,107.2,101.7,+5.5,94.2,.294,.118,.523,,.480,13.6,34.6,.221,,.475,16.0,67.7,.185,,Omni Coliseum,537,547,,
14,Chicago Bulls*,82,19780,42.8,90.0,.476,3.1,8.7,.354,39.8,81.3,.489,17.3,24.5,.705,15.1,31.6,46.7,27.8,9.8,4.7,17.2,23.1,11,Chicago Bulls*,27.7,55,27,50,32,3.09,-0.22,2.87,106.1,102.7,+3.4,91.9,.273,.097,.526,,.493,14.6,33.8,.192,,.482,15.3,70.8,.225,,Chicago Stadium,760,816,,
1,Phoenix Suns*,82,19705,43.2,89.1,.484,4.3,13.1,.330,38.8,76.0,.511,21.1,29.0,.728,15.4,30.9,46.2,28.5,9.4,5.8,16.4,20.6,5,Phoenix Suns*,28.7,56,26,54,28,4.84,-0.17,4.68,111.7,106.8,+4.9,96.7,.325,.147,.548,,.509,13.9,35.2,.236,,.493,13.5,69.3,.202,,America West Arena,779,952,,
20,Denver Nuggets*,82,19755,39.9,85.7,.465,2.1,7.5,.285,37.7,78.1,.483,22.0,30.6,.718,14.0,32.3,46.3,22.3,8.6,8.7,18.0,24.3,16,Denver Nuggets*,24.8,42,40,45,37,1.49,0.05,1.54,103.9,102.3,+1.6,96.1,.357,.088,.524,,.478,15.3,32.2,.256,,.453,13.4,69.6,.252,,McNichols Sports Arena,673,738,17,171,
5,Miami Heat*,82,19805,41.3,89.1,.464,4.4,12.9,.338,37.0,76.2,.485,22.5,28.7,.785,16.0,31.1,47.1,24.0,8.3,4.8,17.0,26.2,12,Miami Heat*,26.0,42,40,48,34,2.67,-0.27,2.40,109.5,106.7,+2.8,93.8,.322,.145,.538,,.488,14.3,35.3,.253,,.479,14.5,69.1,.284,,Miami Arena,617,242,,
6,Cleveland Cavaliers*,82,19855,41.3,88.8,.465,3.9,10.7,.362,37.4,78.0,.480,22.9,29.7,.770,14.4,31.0,45.4,27.0,9.3,5.6,15.0,22.4,8,Cleveland Cavaliers*,27.9,47,35,52,30,4.02,-0.39,3.64,109.4,105.1,+4.3,91.7,.335,.121,.537,,.487,12.8,31.8,.258,,.484,14.5,69.0,.215,,Coliseum at Richfield,753,686,,
3,Orlando Magic*,82,19730,42.7,88.0,.485,5.0,14.5,.347,37.7,73.4,.513,20.3,30.0,.678,15.0,30.1,45.2,26.5,8.7,5.8,17.0,21.9,9,Orlando Magic*,25.8,50,32,52,30,3.89,-0.21,3.68,110.8,106.7,+4.1,95.2,.341,.165,.547,,.514,14.4,33.8,.231,,.479,13.3,66.3,.214,,Orlando Arena,626,931,,
13,New Jersey Nets*,82,19830,40.1,90.1,.445,2.8,8.7,.327,37.3,81.5,.458,24.1,31.6,.762,16.5,32.4,48.8,24.1,8.8,7.3,15.2,21.4,14,New Jersey Nets*,26.6,45,37,47,35,2.20,-0.08,2.11,107.2,104.9,+2.3,95.5,.351,.096,.515,,.461,12.7,34.0,.267,,.475,13.5,69.1,.212,,Brendan Byrne Arena,658,304,20,049,
2,Seattle SuperSonics*,82,19730,42.7,88.2,.484,3.1,9.2,.335,39.6,79.0,.501,22.6,30.4,.745,14.7,28.6,43.2,27.0,13.5,4.7,16.1,24.5,1,Seattle SuperSonics*,28.1,63,19,64,18,9.09,-0.41,8.68,111.1,101.5,+9.6,95.1,.344,.105,.547,,.501,13.7,34.4,.256,,.479,18.2,67.3,.272,,Seattle Center Coliseum,601,369,,
10,Portland Trail Blazers*,82,19755,41.5,91.3,.454,3.3,9.5,.353,38.1,81.9,.466,21.9,29.5,.743,16.0,30.2,46.3,25.5,9.1,5.0,14.9,22.5,13,Portland Trail Blazers*,28.6,47,35,48,34,2.63,-0.04,2.60,108.1,105.5,+2.6,98.8,.323,.104,.518,,.472,12.5,34.4,.240,,.490,14.8,70.8,.235,,Memorial Coliseum,528,408,12,888,
9,Golden State Warriors*,82,19780,43.0,87.5,.492,3.6,10.5,.339,39.4,77.0,.512,18.7,28.2,.664,14.5,29.3,43.8,26.9,9.8,6.3,17.5,21.9,15,Golden State Warriors*,25.0,50,32,46,36,1.74,0.01,1.76,108.3,106.5,+1.8,99.1,.322,.120,.542,,.512,14.9,32.9,.214,,.488,14.7,64.4,.210,,Oakland-Alameda County Coliseum Arena,616,025,,
4,San Antonio Spurs*,82,19780,42.8,90.0,.475,3.4,9.6,.349,39.4,80.4,.490,21.5,29.0,.742,16.0,35.0,51.0,25.5,7.6,6.1,16.1,22.4,3,San Antonio Spurs*,29.0,55,27,56,26,5.26,-0.21,5.05,110.4,104.6,+5.8,90.1,.322,.107,.537,,.494,13.6,35.6,.239,,.467,11.7,70.5,.196,,Alamodome,904,190,18,726,
