8,Seattle SuperSonics*,82,19880,39.5,82.3,.480,7.5,20.5,.364,32.1,61.8,.519,23.7,31.2,.760,12.3,31.5,43.8,25.7,11.3,5.1,18.5,25.3,2,Seattle SuperSonics*,29.6,64,18,61,21,7.79,-0.40,7.40,110.3,102.1,+8.2,93.8,.379,.249,.574,,.526,16.2,29.7,.288,,.479,16.7,69.5,.252,,KeyArena at Seattle Center,697,301,16,646,
3,Orlando Magic*,82,19855,42.2,87.4,.482,8.2,21.7,.378,34.0,65.8,.517,20.3,29.4,.691,12.7,31.6,44.3,27.4,8.7,5.3,15.3,22.5,5,Orlando Magic*,27.7,60,22,56,26,5.56,-0.16,5.40,112.9,106.9,+6.0,91.8,.336,.248,.562,,.529,13.2,29.0,.232,,.491,14.0,68.8,.223,,Orlando Arena,707,168,17,248,
2,Utah Jazz*,82,19780,42.2,86.5,.488,5.1,13.7,.372,37.1,72.9,.509,23.9,31.0,.768,13.4,32.0,45.4,28.8,9.0,5.6,16.4,27.6,3,Utah Jazz*,29.5,55,27,59,23,6.59,-0.34,6.25,113.3,106.1,+7.2,90.0,.359,.158,.566,,.517,14.1,31.6,.276,,.489,15.1,71.7,.295,,Delta Center,813,073,19,911,
20,New York Knicks*,82,19830,39.9,84.9,.471,6.5,17.1,.377,33.5,67.8,.494,19.7,26.0,.757,11.0,32.6,43.6,24.2,8.6,5.0,16.9,24.8,11,New York Knicks*,30.4,47,35,48,34,2.32,-0.08,2.24,106.0,103.5,+2.5,91.0,.306,.201,.550,,.509,14.9,25.5,.232,,.476,14.8,71.1,.251,,Madison Square Garden (IV),810,283,,
11,Atlanta Hawks*,82,19730,40.5,90.4,.448,7.7,21.6,.355,32.8,68.8,.477,20.7,27.3,.757,16.0,29.1,45.2,21.8,10.5,4.3,16.7,23.3,14,Atlanta Hawks*,28.1,46,36,45,37,1.22,0.07,1.29,109.4,108.0,+1.4,89.6,.302,.239,.534,,.490,14.0,34.0,.229,,.512,16.3,67.1,.217,,Omni Coliseum,496,668,8,297,
12,Houston Rockets*,82,19805,40.0,86.3,.464,8.3,22.9,.362,31.7,63.4,.501,20.9,27.4,.765,11.9,31.9,43.9,25.8,8.4,6.2,16.2,22.8,12,Houston Rockets*,29.0,48,34,46,36,1.74,-0.12,1.63,109.3,107.4,+1.9,93.2,.317,.265,.555,,.512,14.1,26.9,.243,,.495,13.6,68.6,.206,,The Summit,667,840,16,611,
9,San Antonio Spurs*,82,19780,40.9,85.8,.477,6.7,17.2,.392,34.2,68.7,.498,21.6,29.4,.736,12.2,33.6,45.8,26.6,8.4,7.0,15.5,23.7,4,San Antonio Spurs*,29.4,59,23,58,24,6.30,-0.33,5.98,110.2,103.5,+6.7,93.3,.342,.200,.558,,.516,13.6,27.5,.252,,.472,13.9,70.0,.216,,Alamodome,782,701,18,752,
6,Indiana Pacers*,82,19755,40.5,84.4,.480,4.9,13.2,.373,35.6,71.2,.500,24.8,32.9,.755,13.7,30.8,44.5,26.1,7.9,4.4,18.2,27.6,7,Indiana Pacers*,29.4,52,30,50,32,3.24,-0.14,3.11,110.8,107.2,+3.6,89.3,.389,.157,.560,,.509,15.5,33.0,.294,,.491,14.7,69.3,.271,,Market Square Arena,673,967,,
23,Miami Heat*,82,19780,38.6,84.5,.457,7.4,19.4,.379,31.3,65.1,.481,20.7,29.1,.710,13.3,33.2,46.5,23.3,7.6,5.8,18.6,28.7,13,Miami Heat*,27.4,42,40,45,37,1.43,0.03,1.46,105.3,103.8,+1.5,91.1,.345,.230,.541,,.501,16.0,30.1,.245,,.469,14.8,71.8,.298,,Miami Arena,606,088,,
10,Cleveland Cavaliers*,82,19830,40.6,88.2,.460,8.8,23.3,.377,31.8,64.9,.490,19.9,26.1,.763,12.7,30.2,43.0,26.7,9.9,5.0,15.8,24.8,8,Cleveland Cavaliers*,27.5,47,35,49,33,2.59,-0.09,2.49,109.9,106.7,+3.2,82.3,.296,.264,.551,,.510,13.7,28.6,.226,,.506,16.3,70.2,.242,,Gund Arena,730,095,,
15,Detroit Pistons*,82,19830,38.8,84.5,.459,7.5,18.6,.404,31.3,65.8,.475,22.9,30.4,.751,12.2,33.7,45.9,22.2,7.0,4.9,16.8,26.9,9,Detroit Pistons*,26.8,46,36,49,33,2.50,-0.05,2.45,107.9,105.1,+2.8,87.7,.360,.221,.551,,.504,14.6,28.0,.271,,.483,13.7,71.7,.229,,The Palace of Auburn Hills,730,573,,
4,Los Angeles Lakers*,82,19680,42.5,88.5,.480,6.3,17.9,.351,36.2,70.6,.512,20.2,27.0,.746,13.1,30.4,43.5,27.5,9.5,6.8,15.4,22.5,6,Los Angeles Lakers*,27.1,53,29,53,29,4.45,-0.24,4.21,111.4,106.6,+4.8,92.4,.306,.203,.555,,.515,13.3,30.1,.228,,.491,14.9,66.8,.205,,Great Western Forum,649,634,17,505,
7,Phoenix Suns*,82,19955,40.8,86.1,.473,4.2,12.7,.332,36.5,73.4,.498,24.6,31.9,.771,13.0,32.3,45.3,25.8,8.0,4.3,15.6,22.9,16,Phoenix Suns*,27.9,41,41,42,40,0.33,-0.05,0.28,110.3,110.0,+0.3,93.2,.370,.147,.551,,.498,13.5,29.8,.286,,.511,13.3,71.4,.225,,America West Arena,779,943,,
18,Sacramento Kings*,82,19755,38.6,84.5,.457,6.0,15.5,.387,32.6,68.9,.473,22.9,31.3,.731,14.5,30.5,45.0,23.8,8.4,5.7,18.8,27.7,20,Sacramento Kings*,26.6,39,43,33,49,-2.71,0.09,-2.62,106.2,109.1,-2.9,93.4,.371,.184,.540,,.493,16.0,32.5,.271,,.498,15.1,69.0,.302,,ARCO Arena (II),709,999,,
21,Portland Trail Blazers*,82,19905,39.9,87.1,.458,6.2,17.7,.353,33.6,69.4,.485,20.0,30.2,.662,15.1,33.6,48.7,22.9,7.7,5.4,17.9,24.2,10,Portland Trail Blazers*,28.1,44,38,48,34,2.35,-0.14,2.21,106.0,103.5,+2.5,92.6,.347,.203,.528,,.494,15.2,33.4,.230,,.478,13.5,73.4,.236,,Rose Garden Arena,848,055,,
