Rk,Team,G,MP,FG,FGA,FG%,3P,3PA,3P%,2P,2PA,2P%,FT,FTA,FT%,ORB,DRB,TRB,AST,STL,BLK,TOV,PF,PTS,Rk2,Team2,Age,W,L,PW,PL,MOV,SOS,SRS,ORtg,DRtg,NRtg,Pace,FTr,3PAr,TS%,eFG%,TOV%,ORB%,FT/FGA,eFG%2,TOV%2,DRB%,FT/FGA2,Arena,Attend,Attend./G
2,Utah Jazz*,82,19830,42.1,83.6,.504,4.5,12.1,.370,37.6,71.4,.526,25.0,32.5,.769,12.0,32.4,44.3,29.6,10.1,5.6,16.9,26.6,2,Utah Jazz*,29.6,64,18,64,18,8.79,-0.82,7.97,113.6,104.0,+9.6,90.0,.389,.145,.581,,.530,14.7,29.7,.299,,.480,15.5,71.6,.290,,Delta Center,811,439,,
12,Miami Heat*,82,19805,38.8,85.6,.453,9.3,25.6,.364,29.4,60.0,.491,20.0,27.8,.719,13.1,33.0,46.1,23.8,8.9,6.0,17.9,26.4,5,Miami Heat*,27.2,61,21,57,25,5.49,0.07,5.56,106.8,100.6,+6.2,88.2,.324,.299,.546,,.507,15.5,29.2,.233,,.465,15.6,70.6,.248,,Miami Arena,615,160,,
7,Houston Rockets*,82,19855,40.1,85.5,.468,8.9,24.3,.365,31.2,61.3,.509,19.8,26.3,.755,12.2,33.8,46.1,26.6,9.0,4.6,18.0,21.2,7,Houston Rockets*,30.8,57,25,54,28,4.48,-0.62,3.85,108.8,104.0,+4.8,91.6,.307,.284,.560,,.520,15.6,28.4,.232,,.481,13.3,71.4,.190,,The Summit,667,685,,
8,Atlanta Hawks*,82,19805,39.3,88.0,.446,9.2,25.6,.359,30.1,62.4,.481,20.8,27.3,.763,14.3,32.8,47.1,21.7,9.8,6.0,17.1,22.2,4,Atlanta Hawks*,28.8,56,26,57,25,5.44,0.08,5.52,108.5,102.3,+6.2,86.8,.310,.291,.542,,.498,14.6,31.5,.236,,.472,15.0,69.2,.191,,Omni Coliseum,549,414,,
25,New York Knicks*,82,19855,38.5,83.1,.463,6.3,17.3,.363,32.2,65.9,.489,21.2,28.3,.748,13.0,33.6,46.6,24.2,8.4,5.0,19.5,27.1,10,New York Knicks*,29.7,57,25,50,32,3.12,0.18,3.31,104.4,101.0,+3.4,90.5,.340,.208,.546,,.501,17.0,30.5,.255,,.463,15.4,73.4,.279,,Madison Square Garden (IV),790,520,,
3,Seattle SuperSonics*,82,19780,40.2,86.2,.467,7.5,21.3,.353,32.7,64.9,.504,23.2,30.8,.752,13.6,30.5,44.1,25.9,12.1,5.2,16.5,24.2,3,Seattle SuperSonics*,30.0,57,25,62,20,7.68,-0.77,6.91,111.2,102.7,+8.5,90.3,.358,.247,.557,,.510,14.2,30.9,.269,,.490,17.7,69.1,.242,,KeyArena at Seattle Center,699,952,,
9,Los Angeles Lakers*,82,19930,39.9,87.8,.454,7.3,19.8,.367,32.6,67.9,.480,21.3,30.8,.692,14.4,31.9,46.3,24.4,9.8,7.6,16.1,24.0,8,Los Angeles Lakers*,26.5,56,26,53,29,4.27,-0.61,3.66,108.3,103.7,+4.6,91.1,.351,.226,.535,,.496,13.7,31.6,.243,,.478,15.1,68.5,.231,,Great Western Forum,697,159,,
5,Detroit Pistons*,82,19830,40.5,87.3,.464,8.3,21.5,.388,32.1,65.8,.488,21.3,28.6,.745,12.3,32.8,45.1,22.2,9.0,4.1,14.9,23.7,6,Detroit Pistons*,28.2,54,28,57,25,5.24,0.20,5.45,110.6,104.4,+6.2,84.5,.327,.246,.554,,.512,13.0,27.5,.244,,.487,14.6,70.4,.197,,The Palace of Auburn Hills,784,234,,
13,Washington Bullets*,82,19855,42.0,87.4,.480,4.3,13.1,.331,37.7,74.3,.507,18.3,25.9,.707,13.2,31.7,44.9,25.1,9.3,5.3,16.9,23.8,13,Washington Bullets*,25.9,44,38,46,36,1.62,0.15,1.77,106.6,104.9,+1.7,92.4,.296,.150,.540,,.505,14.6,30.2,.210,,.491,15.3,70.3,.226,,US Airways Arena,700,646,,
16,Orlando Magic*,82,19855,38.8,88.9,.437,7.8,22.7,.341,31.1,66.2,.470,20.2,27.0,.746,14.7,30.4,45.0,23.1,9.5,5.0,17.1,22.5,16,Orlando Magic*,29.4,45,37,40,42,-0.35,0.28,-0.07,105.6,106.0,-0.4,88.3,.304,.256,.524,,.481,14.5,30.9,.227,,.495,15.3,67.3,.211,,Orlando Arena,711,311,,
4,Charlotte Hornets*,82,19805,40.9,86.8,.471,8.1,18.9,.428,32.8,67.9,.483,21.1,27.1,.777,12.5,31.4,43.9,27.7,8.2,4.8,16.5,23.3,12,Charlotte Hornets*,29.1,54,28,46,36,1.87,0.26,2.13,110.9,108.9,+2.0,88.6,.313,.218,.562,,.518,14.3,28.7,.243,,.496,13.3,68.1,.204,,Charlotte Coliseum,985,722,,
17,Minnesota Timberwolves*,82,19780,39.3,86.1,.456,5.0,14.6,.339,34.3,71.5,.480,21.9,29.2,.751,12.8,30.8,43.6,25.1,8.3,7.5,16.6,24.3,17,Minnesota Timberwolves*,26.3,40,42,37,45,-1.48,-0.35,-1.82,105.5,107.1,-1.6,90.7,.339,.170,.533,,.485,14.4,28.8,.254,,.486,14.6,68.3,.252,,Target Center,697,727,,
10,Portland Trail Blazers*,82,19855,39.9,85.9,.464,6.7,18.6,.358,33.2,67.3,.493,21.4,30.1,.713,14.1,33.2,47.2,22.7,8.5,5.8,18.0,25.6,9,Portland Trail Blazers*,26.4,49,33,53,29,4.17,-0.61,3.56,107.9,103.3,+4.6,90.9,.350,.217,.544,,.503,15.4,32.5,.249,,.471,14.3,72.4,.268,,Rose Garden Arena,852,798,,
6,Phoenix Suns*,82,19855,40.8,87.0,.469,6.8,18.5,.369,33.9,68.4,.496,21.0,27.6,.761,11.9,30.8,42.7,26.8,8.6,4.2,15.3,22.4,15,Phoenix Suns*,28.5,40,42,43,39,0.66,-0.45,0.21,109.3,108.6,+0.7,93.2,.317,.213,.552,,.508,13.4,27.1,.241,,.507,14.4,69.4,.215,,America West Arena,779,940,,
18,Los Angeles Clippers*,82,19930,39.4,88.3,.446,6.3,17.7,.354,33.2,70.6,.469,20.0,27.3,.731,14.4,29.6,44.0,21.9,9.7,5.8,17.3,25.9,19,Los Angeles Clippers*,25.5,36,46,34,48,-2.35,-0.31,-2.66,105.1,107.6,-2.5,91.3,.310,.200,.524,,.482,14.7,30.8,.227,,.499,15.5,68.1,.269,,Los Angeles Memorial Sports Arena,232,895,,
