7,Portland Trail Blazers*,82,19880,42.4,89.7,.473,4.0,11.5,.344,38.4,78.2,.492,22.7,30.0,.754,15.8,31.1,46.9,25.2,9.2,5.0,16.2,24.2,2,Portland Trail Blazers*,28.1,57,25,59,23,7.27,-0.33,6.94,111.4,104.2,+7.2,99.0,.335,.128,.541,,.495,13.6,35.6,.253,,.471,14.3,69.9,.251,,Memorial Coliseum,528,408,12,888,
2,Cleveland Cavaliers*,82,19805,43.7,89.6,.488,3.2,9.0,.357,40.5,80.6,.502,23.2,28.8,.805,13.3,31.3,44.5,28.8,7.9,7.9,13.7,19.9,5,Cleveland Cavaliers*,27.6,57,25,55,27,5.45,-0.11,5.34,113.9,108.2,+5.7,95.0,.322,.101,.557,,.506,11.8,30.5,.259,,.483,12.3,66.5,.174,,Coliseum at Richfield,677,408,,
4,Utah Jazz*,82,19880,42.7,86.8,.492,2.0,5.8,.345,40.7,81.0,.503,24.8,31.5,.788,13.9,32.2,46.0,27.7,9.0,5.7,16.0,22.1,3,Utah Jazz*,28.5,55,27,57,25,6.39,-0.69,5.70,112.2,105.6,+6.6,95.5,.363,.067,.557,,.504,13.7,32.7,.286,,.475,13.0,68.9,.214,,Delta Center,806,663,,
12,New York Knicks*,82,19855,43.1,90.3,.477,2.6,8.0,.325,40.5,82.3,.492,19.5,26.6,.734,15.4,32.4,47.8,27.7,8.2,5.0,16.2,24.8,6,New York Knicks*,27.3,51,31,52,30,3.89,-0.22,3.67,108.3,104.2,+4.1,92.9,.295,.089,.531,,.491,13.7,34.6,.216,,.471,14.0,71.1,.248,,Madison Square Garden (IV),726,608,17,879,
8,Boston Celtics*,82,19780,44.9,91.2,.492,1.4,4.5,.306,43.5,86.6,.502,19.6,24.3,.808,13.9,32.7,46.6,26.2,8.1,6.1,14.8,21.4,7,Boston Celtics*,29.2,51,31,51,31,3.62,-0.21,3.41,110.8,107.0,+3.8,95.8,.266,.050,.544,,.500,12.7,31.9,.215,,.469,11.9,68.7,.220,,Boston Garden,610,776,14,890,
5,Phoenix Suns*,82,19805,43.3,88.1,.492,2.8,7.3,.381,40.6,80.8,.502,22.7,29.2,.776,13.3,31.2,44.5,26.9,8.2,7.1,15.1,22.6,4,Phoenix Suns*,27.0,53,29,56,26,5.94,-0.26,5.68,112.1,106.2,+5.9,99.4,.332,.083,.556,,.508,13.1,31.7,.258,,.471,13.0,67.7,.223,,Arizona Veterans Memorial Coliseum,594,327,,
9,Seattle SuperSonics*,82,19855,42.8,90.3,.474,2.6,8.2,.317,40.2,82.1,.490,22.5,28.7,.783,16.2,28.6,44.9,23.8,9.8,5.7,16.8,24.7,11,Seattle SuperSonics*,27.3,47,35,46,36,1.88,-0.02,1.86,110.7,108.8,+1.9,95.4,.317,.091,.538,,.489,14.0,36.5,.249,,.491,14.2,66.8,.269,,Seattle Center Coliseum,588,928,,
6,Indiana Pacers*,82,19955,42.5,86.0,.494,4.0,11.4,.354,38.5,74.6,.516,22.7,28.7,.790,13.2,31.2,44.3,29.1,8.6,4.8,17.0,26.0,12,Indiana Pacers*,26.4,40,42,46,36,1.89,-0.04,1.85,111.7,109.9,+1.8,99.0,.334,.133,.566,,.518,14.7,31.8,.264,,.483,12.8,67.4,.270,,Market Square Arena,517,352,,
19,Miami Heat*,82,19830,40.3,87.5,.461,3.2,9.3,.342,37.2,78.2,.475,22.8,28.9,.790,14.7,29.3,44.0,21.7,8.3,4.6,17.1,22.5,21,Miami Heat*,24.4,38,44,30,52,-4.21,0.27,-3.94,106.7,110.9,-4.2,97.7,.330,.106,.532,,.479,14.6,33.0,.260,,.508,13.9,67.6,.235,,Miami Arena,613,583,,
18,New Jersey Nets*,82,19780,43.0,93.9,.458,2.8,8.3,.334,40.2,85.6,.470,18.2,24.9,.732,18.7,29.6,48.3,24.0,9.1,7.6,17.2,22.7,17,New Jersey Nets*,25.6,40,42,36,46,-1.70,0.15,-1.54,107.0,108.7,-1.7,98.0,.265,.088,.510,,.473,14.1,39.1,.194,,.488,14.1,66.3,.247,,Brendan Byrne Arena,517,356,20,049,
15,Detroit Pistons*,82,19780,42.3,91.0,.465,2.2,7.0,.314,40.1,84.0,.477,20.7,27.9,.743,16.0,32.1,48.1,25.2,7.2,4.7,16.1,21.8,10,Detroit Pistons*,30.1,48,34,47,35,2.04,0.01,2.06,107.5,105.3,+2.2,91.6,.307,.077,.520,,.477,13.5,34.9,.228,,.468,12.5,68.5,.204,,The Palace of Auburn Hills,879,614,21,454,
14,San Antonio Spurs*,82,19780,42.6,89.4,.476,1.5,5.1,.292,41.1,84.3,.487,20.8,28.3,.736,15.5,32.2,47.7,25.4,9.2,7.7,16.5,22.7,9,San Antonio Spurs*,27.3,47,35,50,32,3.32,-0.51,2.81,107.5,104.1,+3.4,96.2,.317,.057,.528,,.485,13.9,34.2,.233,,.469,13.5,69.8,.224,,HemisFair Arena,658,337,16,057,
13,Los Angeles Lakers*,82,19830,41.7,91.3,.456,1.6,5.8,.267,40.1,85.5,.469,22.8,29.8,.766,15.1,28.7,43.9,23.6,9.9,5.2,14.3,20.2,14,Los Angeles Lakers*,28.3,43,39,38,44,-1.10,0.15,-0.95,107.7,108.9,-1.2,92.5,.327,.064,.516,,.465,12.0,32.7,.250,,.493,13.8,64.0,.187,,Great Western Forum,699,240,,
3,Golden State Warriors*,82,19880,44.0,86.7,.507,3.0,8.9,.333,41.0,77.8,.527,22.7,30.4,.746,13.3,27.7,41.0,24.1,10.0,4.4,15.8,23.9,8,Golden State Warriors*,25.5,55,27,50,32,3.90,-0.14,3.77,113.6,109.9,+3.7,103.4,.351,.103,.568,,.524,13.6,31.8,.262,,.499,14.9,64.2,.256,,Oakland-Alameda County Coliseum Arena,616,025,,
21,Los Angeles Clippers*,82,19830,42.0,88.7,.473,1.8,6.3,.289,40.2,82.4,.487,20.1,27.9,.720,14.2,30.0,44.2,25.7,10.3,6.2,15.9,23.5,13,Los Angeles Clippers*,27.3,45,37,44,38,1.07,0.03,1.10,105.8,104.7,+1.1,96.5,.314,.071,.524,,.483,13.6,31.6,.226,,.475,14.9,67.5,.244,,Los Angeles Memorial Sports Arena,500,200,,
