5,Cleveland Cavaliers*,82,19730,41.1,86.3,.476,12.2,32.7,.372,28.9,53.6,.540,18.5,23.7,.779,8.6,34.3,42.9,23.8,7.2,3.9,14.0,18.9,14,Cleveland Cavaliers*,30.6,50,32,43,39,0.94,-0.35,0.59,112.9,111.9,+1.0,98.0,.275,.379,.584,,.547,12.6,20.1,.214,,.540,12.2,77.3,.166,,Quicken Loans Arena,843,042,20,562,
18,Boston Celtics*,82,19805,39.6,88.0,.450,11.8,31.4,.377,27.8,56.6,.491,16.5,21.4,.771,9.7,36.3,46.0,23.2,7.6,4.7,14.5,20.4,6,Boston Celtics*,24.7,55,27,51,31,3.59,-0.35,3.23,107.6,103.9,+3.7,96.0,.243,.357,.552,,.518,13.0,21.5,.188,,.495,13.0,78.4,.191,,TD Garden,763,584,18,624,
1,Houston Rockets*,82,19755,39.5,86.0,.460,15.6,43.2,.362,23.9,42.8,.558,20.0,25.7,.781,9.2,35.2,44.4,22.0,8.7,4.9,14.1,19.9,1,Houston Rockets*,29.8,65,17,61,21,8.48,-0.27,8.21,114.7,106.1,+8.6,97.6,.298,.502,.590,,.551,12.7,21.3,.233,,.521,13.4,79.9,.171,,Toyota Center,732,722,17,871,
12,Philadelphia 76ers*,82,19780,40.7,86.3,.472,11.0,29.7,.369,29.8,56.6,.526,17.1,22.7,.752,10.9,36.4,47.3,27.0,8.3,5.1,16.4,22.0,5,Philadelphia 76ers*,25.8,52,30,53,29,4.50,-0.20,4.30,109.5,105.0,+4.5,99.8,.263,.344,.568,,.535,14.6,25.3,.198,,.492,12.6,78.6,.218,,Wells Fargo Center,833,503,20,361,
2,Toronto Raptors*,82,19830,42.0,89.1,.472,12.0,33.6,.358,30.0,55.5,.541,17.7,22.2,.794,9.9,34.9,44.8,24.8,7.8,6.2,13.6,22.2,2,Toronto Raptors*,25.8,59,23,60,22,7.78,-0.49,7.29,113.8,105.9,+7.9,97.4,.250,.377,.575,,.539,12.1,23.0,.198,,.501,13.0,77.7,.212,,Air Canada Centre,813,431,19,840,
10,New Orleans Pelicans*,82,19955,41.9,86.6,.483,10.0,27.7,.362,31.9,59.0,.540,15.8,20.5,.772,8.5,35.0,43.5,26.3,7.9,5.8,14.6,18.8,13,New Orleans Pelicans*,27.6,48,34,44,38,1.30,0.18,1.48,109.6,108.3,+1.3,100.5,.237,.319,.573,,.541,13.3,20.0,.183,,.513,12.5,76.7,.175,,Smoothie King Center,673,920,16,437,
16,Utah Jazz*,82,19755,39.8,86.3,.462,11.3,30.8,.366,28.6,55.5,.515,17.5,22.4,.779,9.4,35.6,45.0,23.3,9.0,5.3,15.3,20.4,4,Utah Jazz*,26.7,48,34,53,29,4.30,0.17,4.47,108.4,103.9,+4.5,95.7,.260,.357,.564,,.527,13.7,21.5,.202,,.506,14.0,79.8,.190,,Vivint Smart Home Arena,734,806,17,922,
9,Milwaukee Bucks*,82,19830,41.0,85.6,.478,9.0,25.5,.355,31.9,60.1,.531,18.8,24.1,.783,8.7,32.4,41.1,24.0,9.1,5.6,14.3,22.0,20,Milwaukee Bucks*,25.9,44,38,40,42,-0.30,-0.15,-0.45,109.8,110.1,-0.3,96.2,.281,.297,.571,,.531,12.9,20.4,.220,,.528,14.2,75.9,.220,,BMO Harris Bradley Center,685,303,16,856,
11,Indiana Pacers*,82,19755,42.3,89.6,.472,9.4,25.4,.369,32.9,64.2,.513,15.5,19.9,.779,10.0,34.0,43.9,23.0,9.1,4.3,13.8,19.5,12,Indiana Pacers*,26.2,48,34,45,37,1.38,-0.20,1.18,109.5,108.1,+1.4,96.0,.222,.284,.557,,.525,12.3,22.7,.173,,.527,14.2,76.2,.174,,Bankers Life Fieldhouse,658,119,16,052,
22,Miami Heat*,82,19930,40.1,88.1,.455,11.4,31.6,.360,28.7,56.6,.508,15.2,20.2,.755,9.6,35.3,44.9,23.5,7.8,5.5,14.9,20.8,16,Miami Heat*,26.5,44,38,42,40,0.48,-0.33,0.15,106.8,106.3,+0.5,95.6,.229,.358,.551,,.520,13.3,21.5,.173,,.507,13.1,79.0,.215,,AmericanAirlines Arena,804,850,19,630,
14,Washington Wizards*,82,19855,41.0,87.8,.467,10.2,27.2,.375,30.8,60.6,.508,17.2,22.3,.772,10.3,33.9,44.2,25.8,8.1,4.4,15.0,21.8,15,Washington Wizards*,26.9,43,39,43,39,0.59,-0.06,0.53,109.3,108.7,+0.6,96.6,.254,.310,.560,,.525,13.3,23.5,.196,,.522,13.6,77.1,.212,,Capital One Arena,739,302,18,032,
17,San Antonio Spurs*,82,19730,41.0,89.6,.457,8.9,25.3,.352,32.1,64.3,.499,17.0,22.0,.772,10.9,35.6,46.4,23.9,8.0,5.9,13.8,18.0,8,San Antonio Spurs*,29.3,47,35,49,33,2.89,0.00,2.89,107.9,104.8,+3.1,95.0,.245,.282,.543,,.507,12.2,23.7,.189,,.507,13.2,78.6,.170,,AT&T Center,754,562,18,404,
4,Minnesota Timberwolves*,82,19805,42.5,89.2,.476,8.3,23.3,.357,34.2,65.9,.519,20.1,25.0,.804,10.7,32.7,43.4,23.5,8.7,4.4,12.9,18.9,10,Minnesota Timberwolves*,27.1,47,35,47,35,2.23,0.12,2.35,113.4,111.1,+2.3,96.0,.280,.261,.566,,.523,11.4,24.4,.225,,.539,13.9,76.4,.189,,Target Center,699,308,17,056,
15,Portland Trail Blazers*,82,19755,40.6,89.8,.452,10.6,29.1,.366,29.9,60.7,.493,17.3,21.6,.800,10.5,36.4,46.9,20.1,7.2,5.3,14.0,20.1,9,Portland Trail Blazers*,25.6,49,33,48,34,2.60,0.00,2.60,109.1,106.4,+2.7,96.5,.240,.324,.549,,.511,12.3,23.3,.192,,.503,11.7,79.1,.193,,Moda Center,795,750,19,409,
7,Oklahoma City Thunder*,82,19830,40.9,90.4,.453,11.0,31.2,.354,29.9,59.2,.505,17.8,24.8,.716,12.8,33.4,46.2,21.9,9.3,5.2,14.4,20.7,7,Oklahoma City Thunder*,27.3,48,34,50,32,3.41,0.00,3.42,110.7,107.2,+3.5,96.7,.275,.345,.546,,.514,12.4,27.7,.197,,.525,14.7,77.4,.193,,Chesapeake Energy Arena,746,322,18,203,
