Rk,Team,G,MP,FG,FGA,FG%,3P,3PA,3P%,2P,2PA,2P%,FT,FTA,FT%,ORB,DRB,TRB,AST,STL,BLK,TOV,PF,PTS,Rk2,Team2,Age,W,L,PW,PL,MOV,SOS,SRS,ORtg,DRtg,NRtg,Pace,FTr,3PAr,TS%,eFG%,TOV%,ORB%,FT/FGA,eFG%2,TOV%2,DRB%,FT/FGA2,Arena,Attend,Attend./G
1,Chicago Bulls*,82,19830,46.7,91.9,.508,1.8,5.8,.304,44.9,86.1,.522,20.3,27.3,.744,15.0,31.3,46.3,29.2,8.6,6.2,13.9,21.7,1,Chicago Bulls*,27.6,67,15,66,16,10.44,-0.37,10.07,115.5,104.5,+11.0,94.4,.297,.063,.556,,.518,11.8,35.1,.221,,.476,14.1,69.3,.219,,Chicago Stadium,759,980,,
1,Chicago Bulls*,82,19830,46.7,91.9,.508,1.8,5.8,.304,44.9,86.1,.522,20.3,27.3,.744,15.0,31.3,46.3,29.2,8.6,6.2,13.9,21.7,1,Chicago Bulls*,27.6,67,15,66,16,10.44,-0.37,10.07,115.5,104.5,+11.0,94.4,.297,.063,.556,,.518,11.8,35.1,.221,,.476,14.1,69.3,.219,,Chicago Stadium,759,980,,
7,Portland Trail Blazers*,82,19880,42.4,89.7,.473,4.0,11.5,.344,38.4,78.2,.492,22.7,30.0,.754,15.8,31.1,46.9,25.2,9.2,5.0,16.2,24.2,2,Portland Trail Blazers*,28.1,57,25,59,23,7.27,-0.33,6.94,111.4,104.2,+7.2,99.0,.335,.128,.541,,.495,13.6,35.6,.253,,.471,14.3,69.9,.251,,Memorial Coliseum,528,408,12,888,
1,Chicago Bulls*,82,19830,46.7,91.9,.508,1.8,5.8,.304,44.9,86.1,.522,20.3,27.3,.744,15.0,31.3,46.3,29.2,8.6,6.2,13.9,21.7,1,Chicago Bulls*,27.6,67,15,66,16,10.44,-0.37,10.07,115.5,104.5,+11.0,94.4,.297,.063,.556,,.518,11.8,35.1,.221,,.476,14.1,69.3,.219,,Chicago Stadium,759,980,,
2,Cleveland Cavaliers*,82,19805,43.7,89.6,.488,3.2,9.0,.357,40.5,80.6,.502,23.2,28.8,.805,13.3,31.3,44.5,28.8,7.9,7.9,13.7,19.9,5,Cleveland Cavaliers*,27.6,57,25,55,27,5.45,-0.11,5.34,113.9,108.2,+5.7,95.0,.322,.101,.557,,.506,11.8,30.5,.259,,.483,12.3,66.5,.174,,Coliseum at Richfield,677,408,,
7,Portland Trail Blazers*,82,19880,42.4,89.7,.473,4.0,11.5,.344,38.4,78.2,.492,22.7,30.0,.754,15.8,31.1,46.9,25.2,9.2,5.0,16.2,24.2,2,Portland Trail Blazers*,28.1,57,25,59,23,7.27,-0.33,6.94,111.4,104.2,+7.2,99.0,.335,.128,.541,,.495,13.6,35.6,.253,,.471,14.3,69.9,.251,,Memorial Coliseum,528,408,12,888,
4,Utah Jazz*,82,19880,42.7,86.8,.492,2.0,5.8,.345,40.7,81.0,.503,24.8,31.5,.788,13.9,32.2,46.0,27.7,9.0,5.7,16.0,22.1,3,Utah Jazz*,28.5,55,27,57,25,6.39,-0.69,5.70,112.2,105.6,+6.6,95.5,.363,.067,.557,,.504,13.7,32.7,.286,,.475,13.0,68.9,.214,,Delta Center,806,663,,
8,Boston Celtics*,82,19780,44.9,91.2,.492,1.4,4.5,.306,43.5,86.6,.502,19.6,24.3,.808,13.9,32.7,46.6,26.2,8.1,6.1,14.8,21.4,7,Boston Celtics*,29.2,51,31,51,31,3.62,-0.21,3.41,110.8,107.0,+3.8,95.8,.266,.050,.544,,.500,12.7,31.9,.215,,.469,11.9,68.7,.220,,Boston Garden,610,776,14,890,
1,Chicago Bulls*,82,19830,46.7,91.9,.508,1.8,5.8,.304,44.9,86.1,.522,20.3,27.3,.744,15.0,31.3,46.3,29.2,8.6,6.2,13.9,21.7,1,Chicago Bulls*,27.6,67,15,66,16,10.44,-0.37,10.07,115.5,104.5,+11.0,94.4,.297,.063,.556,,.518,11.8,35.1,.221,,.476,14.1,69.3,.219,,Chicago Stadium,759,980,,
2,Cleveland Cavaliers*,82,19805,43.7,89.6,.488,3.2,9.0,.357,40.5,80.6,.502,23.2,28.8,.805,13.3,31.3,44.5,28.8,7.9,7.9,13.7,19.9,5,Cleveland Cavaliers*,27.6,57,25,55,27,5.45,-0.11,5.34,113.9,108.2,+5.7,95.0,.322,.101,.557,,.506,11.8,30.5,.259,,.483,12.3,66.5,.174,,Coliseum at Richfield,677,408,,
12,New York Knicks*,82,19855,43.1,90.3,.477,2.6,8.0,.325,40.5,82.3,.492,19.5,26.6,.734,15.4,32.4,47.8,27.7,8.2,5.0,16.2,24.8,6,New York Knicks*,27.3,51,31,52,30,3.89,-0.22,3.67,108.3,104.2,+4.1,92.9,.295,.089,.531,,.491,13.7,34.6,.216,,.471,14.0,71.1,.248,,Madison Square Garden (IV),726,608,17,879,
5,Phoenix Suns*,82,19805,43.3,88.1,.492,2.8,7.3,.381,40.6,80.8,.502,22.7,29.2,.776,13.3,31.2,44.5,26.9,8.2,7.1,15.1,22.6,4,Phoenix Suns*,27.0,53,29,56,26,5.94,-0.26,5.68,112.1,106.2,+5.9,99.4,.332,.083,.556,,.508,13.1,31.7,.258,,.471,13.0,67.7,.223,,Arizona Veterans Memorial Coliseum,594,327,,
7,Portland Trail Blazers*,82,19880,42.4,89.7,.473,4.0,11.5,.344,38.4,78.2,.492,22.7,30.0,.754,15.8,31.1,46.9,25.2,9.2,5.0,16.2,24.2,2,Portland Trail Blazers*,28.1,57,25,59,23,7.27,-0.33,6.94,111.4,104.2,+7.2,99.0,.335,.128,.541,,.495,13.6,35.6,.253,,.471,14.3,69.9,.251,,Memorial Coliseum,528,408,12,888,
9,Seattle SuperSonics*,82,19855,42.8,90.3,.474,2.6,8.2,.317,40.2,82.1,.490,22.5,28.7,.783,16.2,28.6,44.9,23.8,9.8,5.7,16.8,24.7,11,Seattle SuperSonics*,27.3,47,35,46,36,1.88,-0.02,1.86,110.7,108.8,+1.9,95.4,.317,.091,.538,,.489,14.0,36.5,.249,,.491,14.2,66.8,.269,,Seattle Center Coliseum,588,928,,
4,Utah Jazz*,82,19880,42.7,86.8,.492,2.0,5.8,.345,40.7,81.0,.503,24.8,31.5,.788,13.9,32.2,46.0,27.7,9.0,5.7,16.0,22.1,3,Utah Jazz*,28.5,55,27,57,25,6.39,-0.69,5.70,112.2,105.6,+6.6,95.5,.363,.067,.557,,.504,13.7,32.7,.286,,.475,13.0,68.9,.214,,Delta Center,806,663,,
