15,Houston Rockets*,82,19780,40.8,86.0,.475,5.5,16.4,.334,35.4,69.6,.508,18.8,25.3,.743,11.8,33.5,45.3,26.7,9.2,6.2,17.1,21.0,7,Houston Rockets*,28.1,58,24,53,29,4.32,-0.12,4.19,105.9,101.4,+4.5,95.0,.294,.191,.545,,.507,15.0,27.6,.218,,.458,13.3,69.7,.192,,The Summit,615,227,16,611,
16,New York Knicks*,82,19755,40.5,88.1,.460,4.1,11.9,.348,36.4,76.3,.477,20.5,27.4,.746,15.4,33.3,48.6,27.0,9.8,5.0,17.8,26.2,2,New York Knicks*,28.9,57,25,60,22,6.99,-0.50,6.48,105.7,98.2,+7.5,92.8,.311,.135,.527,,.483,15.1,34.4,.232,,.451,16.0,71.4,.261,,Madison Square Garden (IV),810,193,19,763,
15,Houston Rockets*,82,19780,40.8,86.0,.475,5.5,16.4,.334,35.4,69.6,.508,18.8,25.3,.743,11.8,33.5,45.3,26.7,9.2,6.2,17.1,21.0,7,Houston Rockets*,28.1,58,24,53,29,4.32,-0.12,4.19,105.9,101.4,+4.5,95.0,.294,.191,.545,,.507,15.0,27.6,.218,,.458,13.3,69.7,.192,,The Summit,615,227,16,611,
11,Indiana Pacers*,82,19755,41.2,84.9,.486,2.4,6.5,.368,38.9,78.4,.496,22.9,31.1,.738,14.7,31.4,46.1,26.8,9.2,6.0,18.8,25.7,10,Indiana Pacers*,27.2,47,35,51,31,3.45,-0.19,3.26,107.8,104.2,+3.6,93.3,.366,.077,.547,,.500,16.0,34.4,.270,,.471,14.9,68.0,.267,,Market Square Arena,531,812,,
16,New York Knicks*,82,19755,40.5,88.1,.460,4.1,11.9,.348,36.4,76.3,.477,20.5,27.4,.746,15.4,33.3,48.6,27.0,9.8,5.0,17.8,26.2,2,New York Knicks*,28.9,57,25,60,22,6.99,-0.50,6.48,105.7,98.2,+7.5,92.8,.311,.135,.527,,.483,15.1,34.4,.232,,.451,16.0,71.4,.261,,Madison Square Garden (IV),810,193,19,763,
15,Houston Rockets*,82,19780,40.8,86.0,.475,5.5,16.4,.334,35.4,69.6,.508,18.8,25.3,.743,11.8,33.5,45.3,26.7,9.2,6.2,17.1,21.0,7,Houston Rockets*,28.1,58,24,53,29,4.32,-0.12,4.19,105.9,101.4,+4.5,95.0,.294,.191,.545,,.507,15.0,27.6,.218,,.458,13.3,69.7,.192,,The Summit,615,227,16,611,
7,Utah Jazz*,82,19830,41.7,87.4,.477,2.3,7.3,.320,39.3,80.2,.491,22.9,30.9,.740,13.8,31.0,44.8,28.3,9.8,4.7,15.5,25.8,6,Utah Jazz*,29.4,53,29,53,29,4.22,-0.12,4.10,108.6,104.1,+4.5,93.1,.354,.083,.537,,.490,13.3,31.3,.262,,.469,14.6,68.4,.267,,Delta Center,814,502,,
12,Atlanta Hawks*,82,19755,41.9,90.7,.461,3.5,10.7,.323,38.4,80.0,.480,20.1,26.7,.752,16.1,31.2,47.4,26.5,11.8,5.8,16.1,20.9,4,Atlanta Hawks*,28.7,57,25,56,26,5.27,-0.33,4.94,107.2,101.7,+5.5,94.2,.294,.118,.523,,.480,13.6,34.6,.221,,.475,16.0,67.7,.185,,Omni Coliseum,537,547,,
14,Chicago Bulls*,82,19780,42.8,90.0,.476,3.1,8.7,.354,39.8,81.3,.489,17.3,24.5,.705,15.1,31.6,46.7,27.8,9.8,4.7,17.2,23.1,11,Chicago Bulls*,27.7,55,27,50,32,3.09,-0.22,2.87,106.1,102.7,+3.4,91.9,.273,.097,.526,,.493,14.6,33.8,.192,,.482,15.3,70.8,.225,,Chicago Stadium,760,816,,
11,Indiana Pacers*,82,19755,41.2,84.9,.486,2.4,6.5,.368,38.9,78.4,.496,22.9,31.1,.738,14.7,31.4,46.1,26.8,9.2,6.0,18.8,25.7,10,Indiana Pacers*,27.2,47,35,51,31,3.45,-0.19,3.26,107.8,104.2,+3.6,93.3,.366,.077,.547,,.500,16.0,34.4,.270,,.471,14.9,68.0,.267,,Market Square Arena,531,812,,
16,New York Knicks*,82,19755,40.5,88.1,.460,4.1,11.9,.348,36.4,76.3,.477,20.5,27.4,.746,15.4,33.3,48.6,27.0,9.8,5.0,17.8,26.2,2,New York Knicks*,28.9,57,25,60,22,6.99,-0.50,6.48,105.7,98.2,+7.5,92.8,.311,.135,.527,,.483,15.1,34.4,.232,,.451,16.0,71.4,.261,,Madison Square Garden (IV),810,193,19,763,
20,Denver Nuggets*,82,19755,39.9,85.7,.465,2.1,7.5,.285,37.7,78.1,.483,22.0,30.6,.718,14.0,32.3,46.3,22.3,8.6,8.7,18.0,24.3,16,Denver Nuggets*,24.8,42,40,45,37,1.49,0.05,1.54,103.9,102.3,+1.6,96.1,.357,.088,.524,,.478,15.3,32.2,.256,,.453,13.4,69.6,.252,,McNichols Sports Arena,673,738,17,171,
15,Houston Rockets*,82,19780,40.8,86.0,.475,5.5,16.4,.334,35.4,69.6,.508,18.8,25.3,.743,11.8,33.5,45.3,26.7,9.2,6.2,17.1,21.0,7,Houston Rockets*,28.1,58,24,53,29,4.32,-0.12,4.19,105.9,101.4,+4.5,95.0,.294,.191,.545,,.507,15.0,27.6,.218,,.458,13.3,69.7,.192,,The Summit,615,227,16,611,
1,Phoenix Suns*,82,19705,43.2,89.1,.484,4.3,13.1,.330,38.8,76.0,.511,21.1,29.0,.728,15.4,30.9,46.2,28.5,9.4,5.8,16.4,20.6,5,Phoenix Suns*,28.7,56,26,54,28,4.84,-0.17,4.68,111.7,106.8,+4.9,96.7,.325,.147,.548,,.509,13.9,35.2,.236,,.493,13.5,69.3,.202,,America West Arena,779,952,,
7,Utah Jazz*,82,19830,41.7,87.4,.477,2.3,7.3,.320,39.3,80.2,.491,22.9,30.9,.740,13.8,31.0,44.8,28.3,9.8,4.7,15.5,25.8,6,Utah Jazz*,29.4,53,29,53,29,4.22,-0.12,4.10,108.6,104.1,+4.5,93.1,.354,.083,.537,,.490,13.3,31.3,.262,,.469,14.6,68.4,.267,,Delta Center,814,502,,
