Rk,Team,G,MP,FG,FGA,FG%,3P,3PA,3P%,2P,2PA,2P%,FT,FTA,FT%,ORB,DRB,TRB,AST,STL,BLK,TOV,PF,PTS,Rk2,Team2,Age,W,L,PW,PL,MOV,SOS,SRS,ORtg,DRtg,NRtg,Pace,FTr,3PAr,TS%,eFG%,TOV%,ORB%,FT/FGA,eFG%2,TOV%2,DRB%,FT/FGA2,Arena,Attend,Attend./G
7,Houston Rockets*,82,19730,40.8,85.0,.480,8.3,22.7,.368,32.5,62.3,.521,19.7,26.3,.749,11.4,31.5,42.9,26.6,9.3,6.6,17.1,22.1,11,Houston Rockets*,28.5,47,35,47,35,2.12,0.20,2.32,109.7,107.4,+2.3,94.2,.310,.267,.568,,.529,15.0,26.9,.232,,.489,13.9,67.7,.199,,The Summit,653,389,16,503,
1,Orlando Magic*,82,19930,43.8,87.4,.502,6.6,17.9,.370,37.2,69.5,.535,20.9,31.2,.669,14.5,31.1,45.7,28.9,8.5,6.2,16.4,21.9,3,Orlando Magic*,26.6,57,25,59,23,7.06,-0.62,6.44,115.1,107.8,+7.3,95.1,.357,.205,.569,,.539,14.0,34.0,.239,,.490,13.3,68.4,.220,,Orlando Arena,656,410,,
7,Houston Rockets*,82,19730,40.8,85.0,.480,8.3,22.7,.368,32.5,62.3,.521,19.7,26.3,.749,11.4,31.5,42.9,26.6,9.3,6.6,17.1,22.1,11,Houston Rockets*,28.5,47,35,47,35,2.12,0.20,2.32,109.7,107.4,+2.3,94.2,.310,.267,.568,,.529,15.0,26.9,.232,,.489,13.9,67.7,.199,,The Summit,653,389,16,503,
9,Indiana Pacers*,82,19780,40.2,84.2,.477,5.0,13.3,.380,35.2,70.9,.496,24.2,32.2,.751,14.2,30.9,45.0,25.3,9.5,4.9,18.1,26.1,8,Indiana Pacers*,28.7,52,30,52,30,3.70,-0.34,3.35,109.6,105.6,+4.0,90.0,.383,.158,.557,,.507,15.5,32.8,.287,,.493,15.8,68.6,.237,,Market Square Arena,654,428,14,601,
1,Orlando Magic*,82,19930,43.8,87.4,.502,6.6,17.9,.370,37.2,69.5,.535,20.9,31.2,.669,14.5,31.1,45.7,28.9,8.5,6.2,16.4,21.9,3,Orlando Magic*,26.6,57,25,59,23,7.06,-0.62,6.44,115.1,107.8,+7.3,95.1,.357,.205,.569,,.539,14.0,34.0,.239,,.490,13.3,68.4,.220,,Orlando Arena,656,410,,
7,Houston Rockets*,82,19730,40.8,85.0,.480,8.3,22.7,.368,32.5,62.3,.521,19.7,26.3,.749,11.4,31.5,42.9,26.6,9.3,6.6,17.1,22.1,11,Houston Rockets*,28.5,47,35,47,35,2.12,0.20,2.32,109.7,107.4,+2.3,94.2,.310,.267,.568,,.529,15.0,26.9,.232,,.489,13.9,67.7,.199,,The Summit,653,389,16,503,
5,San Antonio Spurs*,82,19855,41.3,85.4,.484,5.5,14.8,.375,35.8,70.6,.507,23.5,31.8,.738,13.1,34.0,47.1,24.5,8.4,5.8,15.9,23.9,4,San Antonio Spurs*,29.0,62,20,57,25,5.96,-0.06,5.90,111.7,105.4,+6.3,94.6,.372,.173,.562,,.516,13.8,30.9,.275,,.485,13.0,72.3,.214,,Alamodome,920,413,33,072,
10,Chicago Bulls*,82,19830,42.0,88.2,.476,5.8,15.6,.373,36.1,72.6,.498,19.7,27.2,.726,14.5,30.2,44.7,25.9,10.5,4.6,17.1,25.8,5,Chicago Bulls*,28.1,47,35,54,28,4.83,-0.51,4.32,109.5,104.3,+5.2,92.0,.308,.177,.546,,.509,14.5,32.9,.224,,.488,16.7,68.2,.263,,United Center,926,218,,
9,Indiana Pacers*,82,19780,40.2,84.2,.477,5.0,13.3,.380,35.2,70.9,.496,24.2,32.2,.751,14.2,30.9,45.0,25.3,9.5,4.9,18.1,26.1,8,Indiana Pacers*,28.7,52,30,52,30,3.70,-0.34,3.35,109.6,105.6,+4.0,90.0,.383,.158,.557,,.507,15.5,32.8,.287,,.493,15.8,68.6,.237,,Market Square Arena,654,428,14,601,
16,New York Knicks*,82,19780,39.7,85.1,.467,7.1,19.2,.368,32.7,65.9,.496,20.7,28.1,.734,12.4,32.9,45.3,27.4,7.9,5.2,17.4,28.0,10,New York Knicks*,29.4,55,27,50,32,3.11,-0.33,2.78,107.2,103.8,+3.4,91.2,.331,.226,.550,,.508,15.1,28.6,.243,,.468,14.4,70.8,.281,,Madison Square Garden (IV),810,283,19,763,
1,Orlando Magic*,82,19930,43.8,87.4,.502,6.6,17.9,.370,37.2,69.5,.535,20.9,31.2,.669,14.5,31.1,45.7,28.9,8.5,6.2,16.4,21.9,3,Orlando Magic*,26.6,57,25,59,23,7.06,-0.62,6.44,115.1,107.8,+7.3,95.1,.357,.205,.569,,.539,14.0,34.0,.239,,.490,13.3,68.4,.220,,Orlando Arena,656,410,,
7,Houston Rockets*,82,19730,40.8,85.0,.480,8.3,22.7,.368,32.5,62.3,.521,19.7,26.3,.749,11.4,31.5,42.9,26.6,9.3,6.6,17.1,22.1,11,Houston Rockets*,28.5,47,35,47,35,2.12,0.20,2.32,109.7,107.4,+2.3,94.2,.310,.267,.568,,.529,15.0,26.9,.232,,.489,13.9,67.7,.199,,The Summit,653,389,16,503,
12,Los Angeles Lakers*,82,19905,41.6,89.8,.463,6.7,18.9,.352,34.9,70.9,.493,19.3,26.2,.735,14.3,29.3,43.6,26.3,9.5,7.1,15.7,24.5,15,Los Angeles Lakers*,25.9,48,34,40,42,-0.22,0.21,-0.01,109.1,109.4,-0.3,95.2,.292,.210,.539,,.500,13.4,31.3,.215,,.500,14.8,64.4,.224,,Great Western Forum,591,125,16,760,
3,Phoenix Suns*,82,19830,42.3,87.9,.482,7.4,20.0,.369,35.0,67.9,.515,22.4,29.7,.756,13.0,30.3,43.3,27.7,8.7,3.9,14.7,23.2,6,Phoenix Suns*,29.2,59,23,51,31,3.88,-0.02,3.86,114.5,110.4,+4.1,95.9,.338,.227,.567,,.524,12.7,29.7,.255,,.515,14.0,69.8,.228,,America West Arena,779,943,,
5,San Antonio Spurs*,82,19855,41.3,85.4,.484,5.5,14.8,.375,35.8,70.6,.507,23.5,31.8,.738,13.1,34.0,47.1,24.5,8.4,5.8,15.9,23.9,4,San Antonio Spurs*,29.0,62,20,57,25,5.96,-0.06,5.90,111.7,105.4,+6.3,94.6,.372,.173,.562,,.516,13.8,30.9,.275,,.485,13.0,72.3,.214,,Alamodome,920,413,33,072,
