Rk,Team,G,MP,FG,FGA,FG%,3P,3PA,3P%,2P,2PA,2P%,FT,FTA,FT%,ORB,DRB,TRB,AST,STL,BLK,TOV,PF,PTS,Rk2,Team2,Age,W,L,PW,PL,MOV,SOS,SRS,ORtg,DRtg,NRtg,Pace,FTr,3PAr,TS%,eFG%,TOV%,ORB%,FT/FGA,eFG%2,TOV%2,DRB%,FT/FGA2,Arena,Attend,Attend./G
1,Chicago Bulls*,82,19730,44.0,92.0,.478,7.3,18.0,.403,36.7,74.0,.496,20.0,26.8,.746,16.7,32.2,48.8,27.1,9.9,4.6,15.7,24.1,1,Chicago Bulls*,29.9,72,10,70,12,12.24,-0.44,11.80,115.2,101.8,+13.4,91.1,.291,.196,.555,,.517,13.1,36.9,.217,,.482,16.1,71.1,.222,,United Center,969,149,,
1,Chicago Bulls*,82,19730,44.0,92.0,.478,7.3,18.0,.403,36.7,74.0,.496,20.0,26.8,.746,16.7,32.2,48.8,27.1,9.9,4.6,15.7,24.1,1,Chicago Bulls*,29.9,72,10,70,12,12.24,-0.44,11.80,115.2,101.8,+13.4,91.1,.291,.196,.555,,.517,13.1,36.9,.217,,.482,16.1,71.1,.222,,United Center,969,149,,
8,Seattle SuperSonics*,82,19880,39.5,82.3,.480,7.5,20.5,.364,32.1,61.8,.519,23.7,31.2,.760,12.3,31.5,43.8,25.7,11.3,5.1,18.5,25.3,2,Seattle SuperSonics*,29.6,64,18,61,21,7.79,-0.40,7.40,110.3,102.1,+8.2,93.8,.379,.249,.574,,.526,16.2,29.7,.288,,.479,16.7,69.5,.252,,KeyArena at Seattle Center,697,301,16,646,
1,Chicago Bulls*,82,19730,44.0,92.0,.478,7.3,18.0,.403,36.7,74.0,.496,20.0,26.8,.746,16.7,32.2,48.8,27.1,9.9,4.6,15.7,24.1,1,Chicago Bulls*,29.9,72,10,70,12,12.24,-0.44,11.80,115.2,101.8,+13.4,91.1,.291,.196,.555,,.517,13.1,36.9,.217,,.482,16.1,71.1,.222,,United Center,969,149,,
3,Orlando Magic*,82,19855,42.2,87.4,.482,8.2,21.7,.378,34.0,65.8,.517,20.3,29.4,.691,12.7,31.6,44.3,27.4,8.7,5.3,15.3,22.5,5,Orlando Magic*,27.7,60,22,56,26,5.56,-0.16,5.40,112.9,106.9,+6.0,91.8,.336,.248,.562,,.529,13.2,29.0,.232,,.491,14.0,68.8,.223,,Orlando Arena,707,168,17,248,
8,Seattle SuperSonics*,82,19880,39.5,82.3,.480,7.5,20.5,.364,32.1,61.8,.519,23.7,31.2,.760,12.3,31.5,43.8,25.7,11.3,5.1,18.5,25.3,2,Seattle SuperSonics*,29.6,64,18,61,21,7.79,-0.40,7.40,110.3,102.1,+8.2,93.8,.379,.249,.574,,.526,16.2,29.7,.288,,.479,16.7,69.5,.252,,KeyArena at Seattle Center,697,301,16,646,
2,Utah Jazz*,82,19780,42.2,86.5,.488,5.1,13.7,.372,37.1,72.9,.509,23.9,31.0,.768,13.4,32.0,45.4,28.8,9.0,5.6,16.4,27.6,3,Utah Jazz*,29.5,55,27,59,23,6.59,-0.34,6.25,113.3,106.1,+7.2,90.0,.359,.158,.566,,.517,14.1,31.6,.276,,.489,15.1,71.7,.295,,Delta Center,813,073,19,911,
11,Atlanta Hawks*,82,19730,40.5,90.4,.448,7.7,21.6,.355,32.8,68.8,.477,20.7,27.3,.757,16.0,29.1,45.2,21.8,10.5,4.3,16.7,23.3,14,Atlanta Hawks*,28.1,46,36,45,37,1.22,0.07,1.29,109.4,108.0,+1.4,89.6,.302,.239,.534,,.490,14.0,34.0,.229,,.512,16.3,67.1,.217,,Omni Coliseum,496,668,8,297,
1,Chicago Bulls*,82,19730,44.0,92.0,.478,7.3,18.0,.403,36.7,74.0,.496,20.0,26.8,.746,16.7,32.2,48.8,27.1,9.9,4.6,15.7,24.1,1,Chicago Bulls*,29.9,72,10,70,12,12.24,-0.44,11.80,115.2,101.8,+13.4,91.1,.291,.196,.555,,.517,13.1,36.9,.217,,.482,16.1,71.1,.222,,United Center,969,149,,
20,New York Knicks*,82,19830,39.9,84.9,.471,6.5,17.1,.377,33.5,67.8,.494,19.7,26.0,.757,11.0,32.6,43.6,24.2,8.6,5.0,16.9,24.8,11,New York Knicks*,30.4,47,35,48,34,2.32,-0.08,2.24,106.0,103.5,+2.5,91.0,.306,.201,.550,,.509,14.9,25.5,.232,,.476,14.8,71.1,.251,,Madison Square Garden (IV),810,283,,
3,Orlando Magic*,82,19855,42.2,87.4,.482,8.2,21.7,.378,34.0,65.8,.517,20.3,29.4,.691,12.7,31.6,44.3,27.4,8.7,5.3,15.3,22.5,5,Orlando Magic*,27.7,60,22,56,26,5.56,-0.16,5.40,112.9,106.9,+6.0,91.8,.336,.248,.562,,.529,13.2,29.0,.232,,.491,14.0,68.8,.223,,Orlando Arena,707,168,17,248,
12,Houston Rockets*,82,19805,40.0,86.3,.464,8.3,22.9,.362,31.7,63.4,.501,20.9,27.4,.765,11.9,31.9,43.9,25.8,8.4,6.2,16.2,22.8,12,Houston Rockets*,29.0,48,34,46,36,1.74,-0.12,1.63,109.3,107.4,+1.9,93.2,.317,.265,.555,,.512,14.1,26.9,.243,,.495,13.6,68.6,.206,,The Summit,667,840,16,611,
9,San Antonio Spurs*,82,19780,40.9,85.8,.477,6.7,17.2,.392,34.2,68.7,.498,21.6,29.4,.736,12.2,33.6,45.8,26.6,8.4,7.0,15.5,23.7,4,San Antonio Spurs*,29.4,59,23,58,24,6.30,-0.33,5.98,110.2,103.5,+6.7,93.3,.342,.200,.558,,.516,13.6,27.5,.252,,.472,13.9,70.0,.216,,Alamodome,782,701,18,752,
8,Seattle SuperSonics*,82,19880,39.5,82.3,.480,7.5,20.5,.364,32.1,61.8,.519,23.7,31.2,.760,12.3,31.5,43.8,25.7,11.3,5.1,18.5,25.3,2,Seattle SuperSonics*,29.6,64,18,61,21,7.79,-0.40,7.40,110.3,102.1,+8.2,93.8,.379,.249,.574,,.526,16.2,29.7,.288,,.479,16.7,69.5,.252,,KeyArena at Seattle Center,697,301,16,646,
2,Utah Jazz*,82,19780,42.2,86.5,.488,5.1,13.7,.372,37.1,72.9,.509,23.9,31.0,.768,13.4,32.0,45.4,28.8,9.0,5.6,16.4,27.6,3,Utah Jazz*,29.5,55,27,59,23,6.59,-0.34,6.25,113.3,106.1,+7.2,90.0,.359,.158,.566,,.517,14.1,31.6,.276,,.489,15.1,71.7,.295,,Delta Center,813,073,19,911,
